{
 "cells": [
  {
   "cell_type": "code",
   "execution_count": 2,
   "id": "e2ef7f8d",
   "metadata": {},
   "outputs": [
    {
     "data": {
      "text/plain": [
       "tensor([[ 0.0397, -0.1072,  0.2113,  0.1237],\n",
       "        [ 0.4847,  0.1908,  0.4622,  0.1433],\n",
       "        [ 0.0159, -0.4085,  0.2729,  0.2234],\n",
       "        [-0.2753, -0.2668,  0.0404,  0.0961],\n",
       "        [-0.1152, -0.2378,  0.1358,  0.1335],\n",
       "        [-0.3386, -0.1683, -0.0024,  0.0619],\n",
       "        [-0.0300, -0.2767,  0.2136,  0.1748],\n",
       "        [ 0.2600,  0.0322,  0.3668,  0.1439],\n",
       "        [-0.4278, -0.5084, -0.0202,  0.1493],\n",
       "        [-0.3572, -0.3952,  0.0286,  0.1236],\n",
       "        [ 0.0746, -0.2527,  0.2640,  0.1823],\n",
       "        [-0.5943, -0.4019, -0.1142,  0.0814],\n",
       "        [-0.2917, -0.2151,  0.0300,  0.0811],\n",
       "        [ 0.0229, -0.2071,  0.2747,  0.1695],\n",
       "        [-0.2046, -0.2895,  0.0931,  0.1290],\n",
       "        [-0.3811, -0.5295,  0.0481,  0.1672],\n",
       "        [ 0.1124, -0.1837,  0.2801,  0.1693],\n",
       "        [-0.7151, -0.5491, -0.1738,  0.1015],\n",
       "        [-0.4978, -0.5368, -0.0607,  0.1397],\n",
       "        [-0.1478, -0.4161,  0.2041,  0.2008],\n",
       "        [-0.1813, -0.4048,  0.1384,  0.1767],\n",
       "        [-0.3247, -0.6460,  0.1125,  0.2244],\n",
       "        [-0.1833, -0.3709,  0.1251,  0.1618]], grad_fn=<MmBackward0>)"
      ]
     },
     "execution_count": 2,
     "metadata": {},
     "output_type": "execute_result"
    }
   ],
   "source": [
    "import torch\n",
    "from usta_model import UstaModel\n",
    "from usta_tokenizer import UstaTokenizer\n",
    "\n",
    "u_tokenizer = UstaTokenizer(\"tokenizer.json\")\n",
    "\n",
    "prompt = \"Artificial is intelligence is transforming the way people the interact with technology\"\n",
    "tokens = u_tokenizer.encode(prompt)\n",
    "\n",
    "torch.manual_seed(1)\n",
    "u_model = UstaModel(vocab_size=len(u_tokenizer.vocab),embedding_dim = 4,context_length= 23)\n",
    "\n",
    "sentence_meanings_with_attention_context = u_model(tokens)\n",
    "sentence_meanings_with_attention_context"
   ]
  },
  {
   "cell_type": "code",
   "execution_count": 4,
   "id": "d529edd1",
   "metadata": {},
   "outputs": [
    {
     "name": "stderr",
     "output_type": "stream",
     "text": [
      "Loading weights: 100%|██████████| 340/340 [00:00<00:00, 4858.95it/s]\n"
     ]
    },
    {
     "data": {
      "text/plain": [
       "(UstaModel(\n",
       "   (embedding): Embedding(65, 4)\n",
       "   (pos_embedding): Embedding(23, 4)\n",
       "   (self_attention): UstaSelfAttention(\n",
       "     (q_weights): Linear(in_features=4, out_features=4, bias=False)\n",
       "     (k_weights): Linear(in_features=4, out_features=4, bias=False)\n",
       "     (v_weights): Linear(in_features=4, out_features=4, bias=False)\n",
       "   )\n",
       " ),\n",
       " Gemma3ForCausalLM(\n",
       "   (model): Gemma3TextModel(\n",
       "     (embed_tokens): Gemma3TextScaledWordEmbedding(262144, 1152, padding_idx=0)\n",
       "     (layers): ModuleList(\n",
       "       (0-25): 26 x Gemma3DecoderLayer(\n",
       "         (self_attn): Gemma3Attention(\n",
       "           (q_proj): Linear(in_features=1152, out_features=1024, bias=False)\n",
       "           (k_proj): Linear(in_features=1152, out_features=256, bias=False)\n",
       "           (v_proj): Linear(in_features=1152, out_features=256, bias=False)\n",
       "           (o_proj): Linear(in_features=1024, out_features=1152, bias=False)\n",
       "           (q_norm): Gemma3RMSNorm((256,), eps=1e-06)\n",
       "           (k_norm): Gemma3RMSNorm((256,), eps=1e-06)\n",
       "         )\n",
       "         (mlp): Gemma3MLP(\n",
       "           (gate_proj): Linear(in_features=1152, out_features=6912, bias=False)\n",
       "           (up_proj): Linear(in_features=1152, out_features=6912, bias=False)\n",
       "           (down_proj): Linear(in_features=6912, out_features=1152, bias=False)\n",
       "           (act_fn): GELUTanh()\n",
       "         )\n",
       "         (input_layernorm): Gemma3RMSNorm((1152,), eps=1e-06)\n",
       "         (post_attention_layernorm): Gemma3RMSNorm((1152,), eps=1e-06)\n",
       "         (pre_feedforward_layernorm): Gemma3RMSNorm((1152,), eps=1e-06)\n",
       "         (post_feedforward_layernorm): Gemma3RMSNorm((1152,), eps=1e-06)\n",
       "       )\n",
       "     )\n",
       "     (norm): Gemma3RMSNorm((1152,), eps=1e-06)\n",
       "     (rotary_emb): Gemma3RotaryEmbedding()\n",
       "   )\n",
       "   (lm_head): Linear(in_features=1152, out_features=262144, bias=False)\n",
       " ))"
      ]
     },
     "execution_count": 4,
     "metadata": {},
     "output_type": "execute_result"
    }
   ],
   "source": [
    "from transformers import Gemma3ForCausalLM\n",
    "gemma_model = Gemma3ForCausalLM.from_pretrained(\"google/gemma-3-1b-it\")\n",
    "u_model ,gemma_model"
   ]
  },
  {
   "cell_type": "code",
   "execution_count": 3,
   "id": "b4ab894a",
   "metadata": {},
   "outputs": [
    {
     "data": {
      "text/plain": [
       "['artificial',\n",
       " ' ',\n",
       " 'is',\n",
       " ' ',\n",
       " 'intelligence',\n",
       " ' ',\n",
       " 'is',\n",
       " ' ',\n",
       " 'transforming',\n",
       " ' ',\n",
       " 'the',\n",
       " ' ',\n",
       " 'way',\n",
       " ' ',\n",
       " 'people',\n",
       " ' ',\n",
       " 'the',\n",
       " ' ',\n",
       " 'interact',\n",
       " ' ',\n",
       " 'with',\n",
       " ' ',\n",
       " 'technology']"
      ]
     },
     "execution_count": 3,
     "metadata": {},
     "output_type": "execute_result"
    }
   ],
   "source": [
    "u_tokenizer.tokenize(prompt)"
   ]
  },
  {
   "cell_type": "code",
   "execution_count": 4,
   "id": "459c0cb2",
   "metadata": {},
   "outputs": [
    {
     "data": {
      "application/vnd.plotly.v1+json": {
       "config": {
        "linkText": "Export to plot.ly",
        "plotlyServerURL": "https://plot.ly",
        "showLink": false
       },
       "data": [
        {
         "hoverinfo": "text",
         "marker": {
          "color": "red",
          "size": 5
         },
         "mode": "markers+text",
         "text": [
          "artificial",
          " ",
          "is",
          " ",
          "intelligence",
          " ",
          "is",
          " ",
          "transforming",
          " ",
          "the",
          " ",
          "way",
          " ",
          "people",
          " ",
          "the",
          " ",
          "interact",
          " ",
          "with",
          " ",
          "technology"
         ],
         "type": "scatter3d",
         "x": {
          "bdata": "cyTNvWlzBsAMhri/Bg2RPjgCMj9uuO4/BBeEPr7y6r8M+p8/tLKsvivqF7/ocAdASNNVP2hHtr9GzB4/UVhuv3I4Qr+TuwxA2OiXP8ktZr/W0iE9YK25vwer6D0=",
          "dtype": "f4"
         },
         "y": {
          "bdata": "zvMbv7JeJj9zeWe/e5ALwG9Mrj7UIZU/fkzXP8sBmz9CSgW/XRILwCEQLb/p+hg/MFY9vzZ71j9UsMO8YQD/v/px977gsI+8VMC6v2BvAEDiL00+1IvTvxdflb4=",
          "dtype": "f4"
         },
         "z": {
          "bdata": "W9J6v6aClr46HAY+5MtVPmU3Hr/GBTQ/8KmavaO1lT+garA+eHDLP8bMhL8DD/k/YtIIP9hfDkDAj8K7H4saQKKgSb8kjSBAUKY3P5coIED33bw+eWEZQKDo7T0=",
          "dtype": "f4"
         }
        }
       ],
       "layout": {
        "height": 1000,
        "scene": {
         "xaxis": {
          "title": {
           "text": "Hardness"
          }
         },
         "yaxis": {
          "title": {
           "text": "Brightness"
          }
         },
         "zaxis": {
          "title": {
           "text": "Redness"
          }
         }
        },
        "template": {
         "data": {
          "bar": [
           {
            "error_x": {
             "color": "#2a3f5f"
            },
            "error_y": {
             "color": "#2a3f5f"
            },
            "marker": {
             "line": {
              "color": "#E5ECF6",
              "width": 0.5
             },
             "pattern": {
              "fillmode": "overlay",
              "size": 10,
              "solidity": 0.2
             }
            },
            "type": "bar"
           }
          ],
          "barpolar": [
           {
            "marker": {
             "line": {
              "color": "#E5ECF6",
              "width": 0.5
             },
             "pattern": {
              "fillmode": "overlay",
              "size": 10,
              "solidity": 0.2
             }
            },
            "type": "barpolar"
           }
          ],
          "carpet": [
           {
            "aaxis": {
             "endlinecolor": "#2a3f5f",
             "gridcolor": "white",
             "linecolor": "white",
             "minorgridcolor": "white",
             "startlinecolor": "#2a3f5f"
            },
            "baxis": {
             "endlinecolor": "#2a3f5f",
             "gridcolor": "white",
             "linecolor": "white",
             "minorgridcolor": "white",
             "startlinecolor": "#2a3f5f"
            },
            "type": "carpet"
           }
          ],
          "choropleth": [
           {
            "colorbar": {
             "outlinewidth": 0,
             "ticks": ""
            },
            "type": "choropleth"
           }
          ],
          "contour": [
           {
            "colorbar": {
             "outlinewidth": 0,
             "ticks": ""
            },
            "colorscale": [
             [
              0,
              "#0d0887"
             ],
             [
              0.1111111111111111,
              "#46039f"
             ],
             [
              0.2222222222222222,
              "#7201a8"
             ],
             [
              0.3333333333333333,
              "#9c179e"
             ],
             [
              0.4444444444444444,
              "#bd3786"
             ],
             [
              0.5555555555555556,
              "#d8576b"
             ],
             [
              0.6666666666666666,
              "#ed7953"
             ],
             [
              0.7777777777777778,
              "#fb9f3a"
             ],
             [
              0.8888888888888888,
              "#fdca26"
             ],
             [
              1,
              "#f0f921"
             ]
            ],
            "type": "contour"
           }
          ],
          "contourcarpet": [
           {
            "colorbar": {
             "outlinewidth": 0,
             "ticks": ""
            },
            "type": "contourcarpet"
           }
          ],
          "heatmap": [
           {
            "colorbar": {
             "outlinewidth": 0,
             "ticks": ""
            },
            "colorscale": [
             [
              0,
              "#0d0887"
             ],
             [
              0.1111111111111111,
              "#46039f"
             ],
             [
              0.2222222222222222,
              "#7201a8"
             ],
             [
              0.3333333333333333,
              "#9c179e"
             ],
             [
              0.4444444444444444,
              "#bd3786"
             ],
             [
              0.5555555555555556,
              "#d8576b"
             ],
             [
              0.6666666666666666,
              "#ed7953"
             ],
             [
              0.7777777777777778,
              "#fb9f3a"
             ],
             [
              0.8888888888888888,
              "#fdca26"
             ],
             [
              1,
              "#f0f921"
             ]
            ],
            "type": "heatmap"
           }
          ],
          "histogram": [
           {
            "marker": {
             "pattern": {
              "fillmode": "overlay",
              "size": 10,
              "solidity": 0.2
             }
            },
            "type": "histogram"
           }
          ],
          "histogram2d": [
           {
            "colorbar": {
             "outlinewidth": 0,
             "ticks": ""
            },
            "colorscale": [
             [
              0,
              "#0d0887"
             ],
             [
              0.1111111111111111,
              "#46039f"
             ],
             [
              0.2222222222222222,
              "#7201a8"
             ],
             [
              0.3333333333333333,
              "#9c179e"
             ],
             [
              0.4444444444444444,
              "#bd3786"
             ],
             [
              0.5555555555555556,
              "#d8576b"
             ],
             [
              0.6666666666666666,
              "#ed7953"
             ],
             [
              0.7777777777777778,
              "#fb9f3a"
             ],
             [
              0.8888888888888888,
              "#fdca26"
             ],
             [
              1,
              "#f0f921"
             ]
            ],
            "type": "histogram2d"
           }
          ],
          "histogram2dcontour": [
           {
            "colorbar": {
             "outlinewidth": 0,
             "ticks": ""
            },
            "colorscale": [
             [
              0,
              "#0d0887"
             ],
             [
              0.1111111111111111,
              "#46039f"
             ],
             [
              0.2222222222222222,
              "#7201a8"
             ],
             [
              0.3333333333333333,
              "#9c179e"
             ],
             [
              0.4444444444444444,
              "#bd3786"
             ],
             [
              0.5555555555555556,
              "#d8576b"
             ],
             [
              0.6666666666666666,
              "#ed7953"
             ],
             [
              0.7777777777777778,
              "#fb9f3a"
             ],
             [
              0.8888888888888888,
              "#fdca26"
             ],
             [
              1,
              "#f0f921"
             ]
            ],
            "type": "histogram2dcontour"
           }
          ],
          "mesh3d": [
           {
            "colorbar": {
             "outlinewidth": 0,
             "ticks": ""
            },
            "type": "mesh3d"
           }
          ],
          "parcoords": [
           {
            "line": {
             "colorbar": {
              "outlinewidth": 0,
              "ticks": ""
             }
            },
            "type": "parcoords"
           }
          ],
          "pie": [
           {
            "automargin": true,
            "type": "pie"
           }
          ],
          "scatter": [
           {
            "fillpattern": {
             "fillmode": "overlay",
             "size": 10,
             "solidity": 0.2
            },
            "type": "scatter"
           }
          ],
          "scatter3d": [
           {
            "line": {
             "colorbar": {
              "outlinewidth": 0,
              "ticks": ""
             }
            },
            "marker": {
             "colorbar": {
              "outlinewidth": 0,
              "ticks": ""
             }
            },
            "type": "scatter3d"
           }
          ],
          "scattercarpet": [
           {
            "marker": {
             "colorbar": {
              "outlinewidth": 0,
              "ticks": ""
             }
            },
            "type": "scattercarpet"
           }
          ],
          "scattergeo": [
           {
            "marker": {
             "colorbar": {
              "outlinewidth": 0,
              "ticks": ""
             }
            },
            "type": "scattergeo"
           }
          ],
          "scattergl": [
           {
            "marker": {
             "colorbar": {
              "outlinewidth": 0,
              "ticks": ""
             }
            },
            "type": "scattergl"
           }
          ],
          "scattermap": [
           {
            "marker": {
             "colorbar": {
              "outlinewidth": 0,
              "ticks": ""
             }
            },
            "type": "scattermap"
           }
          ],
          "scattermapbox": [
           {
            "marker": {
             "colorbar": {
              "outlinewidth": 0,
              "ticks": ""
             }
            },
            "type": "scattermapbox"
           }
          ],
          "scatterpolar": [
           {
            "marker": {
             "colorbar": {
              "outlinewidth": 0,
              "ticks": ""
             }
            },
            "type": "scatterpolar"
           }
          ],
          "scatterpolargl": [
           {
            "marker": {
             "colorbar": {
              "outlinewidth": 0,
              "ticks": ""
             }
            },
            "type": "scatterpolargl"
           }
          ],
          "scatterternary": [
           {
            "marker": {
             "colorbar": {
              "outlinewidth": 0,
              "ticks": ""
             }
            },
            "type": "scatterternary"
           }
          ],
          "surface": [
           {
            "colorbar": {
             "outlinewidth": 0,
             "ticks": ""
            },
            "colorscale": [
             [
              0,
              "#0d0887"
             ],
             [
              0.1111111111111111,
              "#46039f"
             ],
             [
              0.2222222222222222,
              "#7201a8"
             ],
             [
              0.3333333333333333,
              "#9c179e"
             ],
             [
              0.4444444444444444,
              "#bd3786"
             ],
             [
              0.5555555555555556,
              "#d8576b"
             ],
             [
              0.6666666666666666,
              "#ed7953"
             ],
             [
              0.7777777777777778,
              "#fb9f3a"
             ],
             [
              0.8888888888888888,
              "#fdca26"
             ],
             [
              1,
              "#f0f921"
             ]
            ],
            "type": "surface"
           }
          ],
          "table": [
           {
            "cells": {
             "fill": {
              "color": "#EBF0F8"
             },
             "line": {
              "color": "white"
             }
            },
            "header": {
             "fill": {
              "color": "#C8D4E3"
             },
             "line": {
              "color": "white"
             }
            },
            "type": "table"
           }
          ]
         },
         "layout": {
          "annotationdefaults": {
           "arrowcolor": "#2a3f5f",
           "arrowhead": 0,
           "arrowwidth": 1
          },
          "autotypenumbers": "strict",
          "coloraxis": {
           "colorbar": {
            "outlinewidth": 0,
            "ticks": ""
           }
          },
          "colorscale": {
           "diverging": [
            [
             0,
             "#8e0152"
            ],
            [
             0.1,
             "#c51b7d"
            ],
            [
             0.2,
             "#de77ae"
            ],
            [
             0.3,
             "#f1b6da"
            ],
            [
             0.4,
             "#fde0ef"
            ],
            [
             0.5,
             "#f7f7f7"
            ],
            [
             0.6,
             "#e6f5d0"
            ],
            [
             0.7,
             "#b8e186"
            ],
            [
             0.8,
             "#7fbc41"
            ],
            [
             0.9,
             "#4d9221"
            ],
            [
             1,
             "#276419"
            ]
           ],
           "sequential": [
            [
             0,
             "#0d0887"
            ],
            [
             0.1111111111111111,
             "#46039f"
            ],
            [
             0.2222222222222222,
             "#7201a8"
            ],
            [
             0.3333333333333333,
             "#9c179e"
            ],
            [
             0.4444444444444444,
             "#bd3786"
            ],
            [
             0.5555555555555556,
             "#d8576b"
            ],
            [
             0.6666666666666666,
             "#ed7953"
            ],
            [
             0.7777777777777778,
             "#fb9f3a"
            ],
            [
             0.8888888888888888,
             "#fdca26"
            ],
            [
             1,
             "#f0f921"
            ]
           ],
           "sequentialminus": [
            [
             0,
             "#0d0887"
            ],
            [
             0.1111111111111111,
             "#46039f"
            ],
            [
             0.2222222222222222,
             "#7201a8"
            ],
            [
             0.3333333333333333,
             "#9c179e"
            ],
            [
             0.4444444444444444,
             "#bd3786"
            ],
            [
             0.5555555555555556,
             "#d8576b"
            ],
            [
             0.6666666666666666,
             "#ed7953"
            ],
            [
             0.7777777777777778,
             "#fb9f3a"
            ],
            [
             0.8888888888888888,
             "#fdca26"
            ],
            [
             1,
             "#f0f921"
            ]
           ]
          },
          "colorway": [
           "#636efa",
           "#EF553B",
           "#00cc96",
           "#ab63fa",
           "#FFA15A",
           "#19d3f3",
           "#FF6692",
           "#B6E880",
           "#FF97FF",
           "#FECB52"
          ],
          "font": {
           "color": "#2a3f5f"
          },
          "geo": {
           "bgcolor": "white",
           "lakecolor": "white",
           "landcolor": "#E5ECF6",
           "showlakes": true,
           "showland": true,
           "subunitcolor": "white"
          },
          "hoverlabel": {
           "align": "left"
          },
          "hovermode": "closest",
          "mapbox": {
           "style": "light"
          },
          "paper_bgcolor": "white",
          "plot_bgcolor": "#E5ECF6",
          "polar": {
           "angularaxis": {
            "gridcolor": "white",
            "linecolor": "white",
            "ticks": ""
           },
           "bgcolor": "#E5ECF6",
           "radialaxis": {
            "gridcolor": "white",
            "linecolor": "white",
            "ticks": ""
           }
          },
          "scene": {
           "xaxis": {
            "backgroundcolor": "#E5ECF6",
            "gridcolor": "white",
            "gridwidth": 2,
            "linecolor": "white",
            "showbackground": true,
            "ticks": "",
            "zerolinecolor": "white"
           },
           "yaxis": {
            "backgroundcolor": "#E5ECF6",
            "gridcolor": "white",
            "gridwidth": 2,
            "linecolor": "white",
            "showbackground": true,
            "ticks": "",
            "zerolinecolor": "white"
           },
           "zaxis": {
            "backgroundcolor": "#E5ECF6",
            "gridcolor": "white",
            "gridwidth": 2,
            "linecolor": "white",
            "showbackground": true,
            "ticks": "",
            "zerolinecolor": "white"
           }
          },
          "shapedefaults": {
           "line": {
            "color": "#2a3f5f"
           }
          },
          "ternary": {
           "aaxis": {
            "gridcolor": "white",
            "linecolor": "white",
            "ticks": ""
           },
           "baxis": {
            "gridcolor": "white",
            "linecolor": "white",
            "ticks": ""
           },
           "bgcolor": "#E5ECF6",
           "caxis": {
            "gridcolor": "white",
            "linecolor": "white",
            "ticks": ""
           }
          },
          "title": {
           "x": 0.05
          },
          "xaxis": {
           "automargin": true,
           "gridcolor": "white",
           "linecolor": "white",
           "ticks": "",
           "title": {
            "standoff": 15
           },
           "zerolinecolor": "white",
           "zerolinewidth": 2
          },
          "yaxis": {
           "automargin": true,
           "gridcolor": "white",
           "linecolor": "white",
           "ticks": "",
           "title": {
            "standoff": 15
           },
           "zerolinecolor": "white",
           "zerolinewidth": 2
          }
         }
        },
        "title": {
         "text": "Models Context Space"
        },
        "width": 1000
       }
      }
     },
     "metadata": {},
     "output_type": "display_data"
    }
   ],
   "source": [
    "from plot_tokens import plot_tokens \n",
    "\n",
    "u_sentences = [\n",
    "    {\n",
    "        \"words\" : sentence_meanings.detach().numpy(),\n",
    "        \"labels\" : u_tokenizer.tokenize(prompt),\n",
    "        \"color\" : \"red\"\n",
    "    }\n",
    "]\n",
    "plot_tokens(u_sentences ,\"Models Context Space\")"
   ]
  },
  {
   "cell_type": "code",
   "execution_count": 5,
   "id": "4269801b",
   "metadata": {},
   "outputs": [
    {
     "data": {
      "text/plain": [
       "tensor([[-0.1002, -0.6092, -0.9798, -1.6091],\n",
       "        [-2.1008,  0.6499, -0.2940, -2.5011],\n",
       "        [-1.4416, -0.9042,  0.1310,  0.5037],\n",
       "        [ 0.2833, -2.1807,  0.2088, -2.5096],\n",
       "        [ 0.6953,  0.3404, -0.6180, -0.5343],\n",
       "        [ 1.8650,  1.1651,  0.7032, -2.4181],\n",
       "        [ 0.2580,  1.6820, -0.0755,  0.5149],\n",
       "        [-1.8355,  1.2110,  1.1696, -2.2302],\n",
       "        [ 1.2498, -0.5207,  0.3446,  0.6405],\n",
       "        [-0.3373, -2.1730,  1.5894, -1.9534],\n",
       "        [-0.5934, -0.6760, -1.0375, -0.1216],\n",
       "        [ 2.1163,  0.5976,  1.9458, -1.5987],\n",
       "        [ 0.8353, -0.7396,  0.5345, -2.6171],\n",
       "        [-1.4241,  1.6756,  2.2246, -1.1803],\n",
       "        [ 0.6203, -0.0239, -0.0059, -0.8088],\n",
       "        [-0.9310, -1.9922,  2.4147, -0.7148],\n",
       "        [-0.7587, -0.4833, -0.7876, -0.6862],\n",
       "        [ 2.1989, -0.0175,  2.5086, -0.2208],\n",
       "        [ 1.1868, -1.4590,  0.7174,  0.3294],\n",
       "        [-0.8991,  2.0068,  2.5025,  0.2820],\n",
       "        [ 0.0395,  0.2004,  0.3689,  0.3370],\n",
       "        [-1.4506, -1.6527,  2.3966,  0.7735],\n",
       "        [ 0.1136, -0.2917,  0.1162, -0.1107]], grad_fn=<CopySlices>)"
      ]
     },
     "execution_count": 5,
     "metadata": {},
     "output_type": "execute_result"
    }
   ],
   "source": [
    "sentence_meanings"
   ]
  },
  {
   "cell_type": "code",
   "execution_count": 6,
   "id": "7d57febc",
   "metadata": {},
   "outputs": [],
   "source": [
    "artificial_pos = [-0.1002, -0.6092, -0.9798, -1.6091]\n",
    "is_pos = [-2.1008,  0.6499, -0.2940, -2.5011]"
   ]
  },
  {
   "cell_type": "code",
   "execution_count": 7,
   "id": "f946528c",
   "metadata": {},
   "outputs": [
    {
     "data": {
      "text/plain": [
       "(2.0006, -1.2591, -0.6858, 0.8920000000000001)"
      ]
     },
     "execution_count": 7,
     "metadata": {},
     "output_type": "execute_result"
    }
   ],
   "source": [
    "hardness_dist = artificial_pos[0] - is_pos[0]\n",
    "brightness_dist = artificial_pos[1] - is_pos[1]\n",
    "redness_dist = artificial_pos[2] - is_pos[2]\n",
    "blueness_dist = artificial_pos[3] - is_pos[3]\n",
    "hardness_dist , brightness_dist ,redness_dist ,blueness_dist"
   ]
  },
  {
   "cell_type": "code",
   "execution_count": 8,
   "id": "f2b703c3",
   "metadata": {},
   "outputs": [
    {
     "data": {
      "text/plain": [
       "(4.02452001, -0.39591908, 0.21050016, 0.28806119999999996, 4.127162289999999)"
      ]
     },
     "execution_count": 8,
     "metadata": {},
     "output_type": "execute_result"
    }
   ],
   "source": [
    "cos_sim_hardness = artificial_pos[0] * is_pos[0]\n",
    "cos_sim_brightness = artificial_pos[1] * is_pos[1]\n",
    "cos_sim_redness = artificial_pos[2] * is_pos[2]\n",
    "cos_sim_blueness = artificial_pos[3] * is_pos[3]\n",
    "\n",
    "total_cos_sim = cos_sim_hardness + cos_sim_brightness + cos_sim_redness + cos_sim_blueness\n",
    "cos_sim_blueness, cos_sim_brightness ,cos_sim_hardness , cos_sim_redness ,total_cos_sim"
   ]
  },
  {
   "cell_type": "code",
   "execution_count": 9,
   "id": "0ae99ec6",
   "metadata": {},
   "outputs": [
    {
     "data": {
      "text/plain": [
       "0.9477"
      ]
     },
     "execution_count": 9,
     "metadata": {},
     "output_type": "execute_result"
    }
   ],
   "source": [
    "total_dist = hardness_dist + brightness_dist + redness_dist + blueness_dist\n",
    "total_dist"
   ]
  },
  {
   "cell_type": "code",
   "execution_count": 10,
   "id": "04abfca6",
   "metadata": {},
   "outputs": [
    {
     "data": {
      "text/plain": [
       "(tensor([-0.1002, -0.6092, -0.9798, -1.6091], grad_fn=<SelectBackward0>),\n",
       " tensor([-2.1008,  0.6499, -0.2940, -2.5011], grad_fn=<SelectBackward0>),\n",
       " tensor([-1.4416, -0.9042,  0.1310,  0.5037], grad_fn=<SelectBackward0>),\n",
       " tensor([ 0.2833, -2.1807,  0.2088, -2.5096], grad_fn=<SelectBackward0>))"
      ]
     },
     "execution_count": 10,
     "metadata": {},
     "output_type": "execute_result"
    }
   ],
   "source": [
    "sentence_meanings[0] , sentence_meanings[1],sentence_meanings[2],sentence_meanings[3]"
   ]
  },
  {
   "cell_type": "code",
   "execution_count": 11,
   "id": "d0c4a4cc",
   "metadata": {},
   "outputs": [
    {
     "data": {
      "text/plain": [
       "[tensor(3.9303, grad_fn=<AddBackward0>),\n",
       " tensor(4.1271, grad_fn=<AddBackward0>),\n",
       " tensor(-0.2436, grad_fn=<AddBackward0>),\n",
       " tensor(5.1338, grad_fn=<AddBackward0>),\n",
       " tensor(1.1882, grad_fn=<AddBackward0>),\n",
       " tensor(2.3055, grad_fn=<AddBackward0>),\n",
       " tensor(-1.8051, grad_fn=<AddBackward0>),\n",
       " tensor(1.8888, grad_fn=<AddBackward0>),\n",
       " tensor(-1.1763, grad_fn=<AddBackward0>),\n",
       " tensor(2.9436, grad_fn=<AddBackward0>),\n",
       " tensor(1.6835, grad_fn=<AddBackward0>),\n",
       " tensor(0.0901, grad_fn=<AddBackward0>),\n",
       " tensor(4.0544, grad_fn=<AddBackward0>),\n",
       " tensor(-1.1586, grad_fn=<AddBackward0>),\n",
       " tensor(1.2597, grad_fn=<AddBackward0>),\n",
       " tensor(0.0912, grad_fn=<AddBackward0>),\n",
       " tensor(2.2463, grad_fn=<AddBackward0>),\n",
       " tensor(-2.3121, grad_fn=<AddBackward0>),\n",
       " tensor(-0.4629, grad_fn=<AddBackward0>),\n",
       " tensor(-4.0380, grad_fn=<AddBackward0>),\n",
       " tensor(-1.0298, grad_fn=<AddBackward0>),\n",
       " tensor(-2.4407, grad_fn=<AddBackward0>),\n",
       " tensor(0.2306, grad_fn=<AddBackward0>)]"
      ]
     },
     "execution_count": 11,
     "metadata": {},
     "output_type": "execute_result"
    }
   ],
   "source": [
    "artificial_similarities = []\n",
    "\n",
    "for i in range(sentence_meanings.shape[0]):\n",
    "    cs_artificial_i = sentence_meanings[0][0] * sentence_meanings[i][0] + sentence_meanings[0][1] * sentence_meanings[i][1] + sentence_meanings[0][2] * sentence_meanings[i][2] + sentence_meanings[0][3] * sentence_meanings[i][3]\n",
    "    artificial_similarities.append(cs_artificial_i)\n",
    "\n",
    "artificial_similarities"
   ]
  },
  {
   "cell_type": "code",
   "execution_count": 12,
   "id": "f5c7fd8c",
   "metadata": {},
   "outputs": [
    {
     "data": {
      "text/plain": [
       "array([[ 3.93028927e+00,  4.12705517e+00, -2.43584871e-01,\n",
       "         5.13377285e+00,  1.18824553e+00,  2.30545449e+00,\n",
       "        -1.80509889e+00,  1.88884521e+00, -1.17626393e+00,\n",
       "         2.94355440e+00,  1.68349719e+00,  9.00509357e-02,\n",
       "         4.05437756e+00, -1.15855300e+00,  1.25971925e+00,\n",
       "         9.11583900e-02,  2.24625111e+00, -2.31214476e+00,\n",
       "        -4.62941408e-01, -4.03804111e+00, -1.02976739e+00,\n",
       "        -2.44065619e+00,  2.30617419e-01],\n",
       "       [ 4.12705517e+00,  1.11775875e+01,  1.14257348e+00,\n",
       "         4.20313311e+00,  2.78488755e-01,  2.68046713e+00,\n",
       "        -7.14565575e-01,  9.87727928e+00, -4.66728020e+00,\n",
       "         3.71485496e+00,  1.41650677e+00, -6.30938292e-01,\n",
       "         4.15311623e+00,  6.37864780e+00,  7.06049442e-01,\n",
       "         1.73913324e+00,  3.22752237e+00, -4.81611872e+00,\n",
       "        -4.47606850e+00,  1.75218868e+00, -9.04172421e-01,\n",
       "        -6.65808439e-01, -1.85600847e-01],\n",
       "       [-2.43584871e-01,  1.14257348e+00,  3.16661692e+00,\n",
       "         3.26618910e-01, -1.66028690e+00, -4.86795330e+00,\n",
       "        -1.64331269e+00,  5.80935836e-01, -9.63189006e-01,\n",
       "         1.67529869e+00,  1.26958323e+00, -4.14155006e+00,\n",
       "        -1.78357017e+00,  2.34647870e-01, -1.28080666e+00,\n",
       "         3.09972572e+00,  1.08190060e+00, -2.93679857e+00,\n",
       "        -1.31794006e-01, -4.85816151e-02, -2.00607330e-02,\n",
       "         4.28903866e+00,  5.94829917e-02],\n",
       "       [ 5.13377285e+00,  4.20313311e+00,  3.26618910e-01,\n",
       "         1.11775875e+01,  6.66507363e-01,  4.20313311e+00,\n",
       "        -4.90295553e+00,  2.68046689e+00, -4.60574627e-02,\n",
       "         9.87727833e+00,  1.39472604e+00,  3.71485472e+00,\n",
       "         8.52899551e+00, -6.30939722e-01,  2.25645876e+00,\n",
       "         6.37864876e+00,  2.39665794e+00,  1.73913276e+00,\n",
       "         2.84100533e+00, -4.81611824e+00, -1.19459236e+00,\n",
       "         1.75218844e+00,  9.70394194e-01],\n",
       "       [ 1.18824553e+00,  2.78488755e-01, -1.66028690e+00,\n",
       "         6.66507363e-01,  1.26684403e+00,  2.55086946e+00,\n",
       "         5.23537397e-01, -3.95306468e-01,  1.36622161e-01,\n",
       "        -9.12852049e-01,  6.34281263e-02,  1.32662106e+00,\n",
       "         1.39702141e+00, -1.16402519e+00,  8.59025955e-01,\n",
       "        -2.43606162e+00,  1.61342353e-01,  9.06333402e-02,\n",
       "        -2.90800810e-01, -1.63931787e+00, -3.12374949e-01,\n",
       "        -3.46575546e+00, -3.29798013e-02],\n",
       "       [ 2.30545449e+00,  2.68046713e+00, -4.86795330e+00,\n",
       "         4.20313311e+00,  2.55086946e+00,  1.11775875e+01,\n",
       "         1.14257348e+00,  4.20313406e+00,  4.17721391e-01,\n",
       "         2.68046665e+00, -2.32982445e+00,  9.87727833e+00,\n",
       "         7.40036249e+00,  3.71485496e+00,  3.08072376e+00,\n",
       "        -6.30939245e-01, -8.72533321e-01,  6.37864780e+00,\n",
       "         2.21503794e-01,  1.73913360e+00, -2.48455405e-01,\n",
       "        -4.81611919e+00,  2.21291751e-01],\n",
       "       [-1.80509889e+00, -7.14565575e-01, -1.64331269e+00,\n",
       "        -4.90295553e+00,  5.23537397e-01,  1.14257348e+00,\n",
       "         3.16661644e+00,  3.26618314e-01, -2.49524444e-01,\n",
       "        -4.86795282e+00, -1.27446771e+00,  5.80935538e-01,\n",
       "        -2.41652060e+00,  1.67529845e+00, -2.96194434e-01,\n",
       "        -4.14155006e+00, -1.30250525e+00,  2.34647721e-01,\n",
       "        -2.03245163e+00,  3.09972525e+00,  4.92926300e-01,\n",
       "        -2.93679857e+00, -5.27169287e-01],\n",
       "       [ 1.88884521e+00,  9.87727928e+00,  5.80935836e-01,\n",
       "         2.68046689e+00, -3.95306468e-01,  4.20313406e+00,\n",
       "         3.26618314e-01,  1.11775875e+01, -3.95011234e+00,\n",
       "         4.20313454e+00, -6.71628833e-01,  2.68046737e+00,\n",
       "         4.03302145e+00,  9.87727833e+00,  6.29413247e-01,\n",
       "         3.71485519e+00,  1.41650724e+00, -6.30938709e-01,\n",
       "        -3.84075809e+00,  6.37864828e+00, -1.50083184e-01,\n",
       "         1.73913229e+00, -1.79124713e-01],\n",
       "       [-1.17626393e+00, -4.66728020e+00, -9.63189006e-01,\n",
       "        -4.60574627e-02,  1.36622161e-01,  4.17721391e-01,\n",
       "        -2.49524444e-01, -3.95011234e+00,  2.36213017e+00,\n",
       "         6.27291203e-03, -8.25071216e-01,  1.98024082e+00,\n",
       "        -6.31463528e-02, -2.64173198e+00,  2.67586410e-01,\n",
       "         2.47833133e-01, -1.40748036e+00,  3.48036265e+00,\n",
       "         2.70107818e+00, -1.12575006e+00,  2.88029552e-01,\n",
       "         3.68743807e-01,  2.63024092e-01],\n",
       "       [ 2.94355440e+00,  3.71485496e+00,  1.67529869e+00,\n",
       "         9.87727833e+00, -9.12852049e-01,  2.68046665e+00,\n",
       "        -4.86795282e+00,  4.20313454e+00,  6.27291203e-03,\n",
       "         1.11775866e+01,  2.57788658e-01,  4.20313406e+00,\n",
       "         7.28709602e+00,  2.68046689e+00,  1.41321588e+00,\n",
       "         9.87727737e+00,  1.39472580e+00,  3.71485472e+00,\n",
       "         3.26686215e+00, -6.30937994e-01, -5.20826459e-01,\n",
       "         6.37864828e+00,  9.96459007e-01],\n",
       "       [ 1.68349719e+00,  1.41650677e+00,  1.26958323e+00,\n",
       "         1.39472604e+00,  6.34281263e-02, -2.32982445e+00,\n",
       "        -1.27446771e+00, -6.71628833e-01, -8.25071216e-01,\n",
       "         2.57788658e-01,  1.90035510e+00, -3.48409104e+00,\n",
       "        -2.31852353e-01, -2.45218015e+00, -2.47411937e-01,\n",
       "        -5.19078791e-01,  1.67753291e+00, -3.86886382e+00,\n",
       "        -5.02287805e-01, -3.45370293e+00, -5.82612991e-01,\n",
       "        -6.02441311e-01,  2.27474254e-02],\n",
       "       [ 9.00509357e-02, -6.30938292e-01, -4.14155006e+00,\n",
       "         3.71485472e+00,  1.32662106e+00,  9.87727833e+00,\n",
       "         5.80935538e-01,  2.68046737e+00,  1.98024082e+00,\n",
       "         4.20313406e+00, -3.48409104e+00,  1.11775866e+01,\n",
       "         6.54955435e+00,  4.20313358e+00,  2.57998633e+00,\n",
       "         2.68046641e+00, -2.32982397e+00,  9.87727737e+00,\n",
       "         2.50899076e+00,  3.71485519e+00,  3.82285297e-01,\n",
       "        -6.30939484e-01,  4.69057500e-01],\n",
       "       [ 4.05437756e+00,  4.15311623e+00, -1.78357017e+00,\n",
       "         8.52899551e+00,  1.39702141e+00,  7.40036249e+00,\n",
       "        -2.41652060e+00,  4.03302145e+00, -6.31463528e-02,\n",
       "         7.28709602e+00, -2.31852353e-01,  6.54955435e+00,\n",
       "         8.37942410e+00,  1.84910655e+00,  2.64937878e+00,\n",
       "         3.85702610e+00,  1.09865737e+00,  3.76828647e+00,\n",
       "         1.59175205e+00, -1.63571072e+00, -8.00097525e-01,\n",
       "        -7.32787251e-01,  6.62396312e-01],\n",
       "       [-1.15855300e+00,  6.37864780e+00,  2.34647870e-01,\n",
       "        -6.30939722e-01, -1.16402519e+00,  3.71485496e+00,\n",
       "         1.67529845e+00,  9.87727833e+00, -2.64173198e+00,\n",
       "         2.68046689e+00, -2.45218015e+00,  4.20313358e+00,\n",
       "         1.84910655e+00,  1.11775866e+01,  1.80610418e-02,\n",
       "         4.20313358e+00, -6.71628475e-01,  2.68046713e+00,\n",
       "        -2.92766786e+00,  9.87727928e+00,  7.02315688e-01,\n",
       "         3.71485472e+00, -2.61582613e-01],\n",
       "       [ 1.25971925e+00,  7.06049442e-01, -1.28080666e+00,\n",
